% Drilling core 2 in parallel to core 1
%  
%   depth [m]     sediment physical properties
%
0.30 132
0.40 160
0.50 383
0.60 217
0.70 365
0.80 236
0.90 167
1.00 111
1.10 121
1.20 94
1.30 92
1.40 104
1.50 95
1.60 129
1.70 129
1.80 140
1.90 118
2.00 94
2.10 41
2.20 36
2.30 36
2.40 38
2.50 45
2.60 30
2.69 39
3.37 53
3.46 19
3.56 21
3.67 23
3.77 35
3.87 31
3.96 29
4.07 31
4.17 31
4.26 28
4.36 53
4.46 50
4.56 45
4.66 26
4.76 27
4.86 26
4.96 23
5.06 23
6.31 28
6.41 42
6.51 48
6.61 90
6.71 94
6.81 143
6.91 112
7.01 122
7.11 162
7.21 119
7.31 164
7.41 124
7.51 150
7.61 222
7.71 96
8.63 134
8.73 124
8.83 149
8.93 111
9.03 152
9.13 206
9.23 94
9.33 101
9.43 73
9.53 230
9.63 104
9.73 175
9.83 103
9.93 40
10.03 25
10.13 36
10.23 35
10.34 27
10.44 26
10.54 34
10.63 65
10.73 48
10.84 91
10.94 71
11.04 96
11.13 104
11.23 218
11.34 146
11.43 108
11.61 86
11.71 64
11.81 52
11.91 58
12.01 44
12.11 32
12.21 27
12.31 67
12.41 311
12.51 142
12.61 45
12.71 49
12.81 398
12.91 327
13.01 452
13.11 282
13.21 138
13.31 148
13.41 239
13.51 227
13.61 191
13.71 161
13.81 144
13.91 125
14.01 125
14.11 126
14.21 203
14.30 179
14.56 119
14.63 102
14.71 111
14.78 89
14.85 112
14.92 106
15.00 91
15.07 80
15.14 117
15.21 112
15.29 156
15.36 74
15.43 70
15.50 106
15.58 70
15.65 168
15.72 261
15.79 160
15.87 84
15.94 82
16.01 107
16.09 179
16.19 233
16.29 144
16.39 199
16.49 138
16.58 166
16.68 133
16.78 147
16.88 148
16.98 267
17.08 224
17.18 115
17.27 57
17.37 56
17.47 45
17.57 46
17.67 40
17.77 57
17.86 36
17.96 42
18.06 42
18.16 42
18.26 36
18.36 44
18.46 40
18.55 40
18.65 29
18.75 31
18.85 33
19.06 81
19.15 43
19.23 33
19.31 35
19.40 26
19.48 24
19.56 24
19.65 25
19.73 26
19.81 26
19.90 32
19.98 58
20.06 53
20.15 64
20.23 87
20.32 59
20.40 52
20.48 58
20.57 42
20.65 42
20.73 49
20.82 50
20.90 46
20.98 48
21.07 46
21.15 41
21.23 39
21.32 37
21.40 44
21.48 38
21.57 41
21.67 46
21.77 37
21.87 38
21.97 52
22.07 45
22.16 39
22.26 33
22.36 49
22.46 66
22.56 143
22.66 118
22.76 136
22.86 116
22.96 72
23.06 70
23.16 107
23.26 231
23.36 209
23.46 196
23.56 180
23.65 256
23.75 359
23.85 211
23.95 187
24.05 112
24.15 148
24.25 77
24.35 69
24.45 39
24.54 70
24.63 59
24.73 58
24.82 71
24.91 46
25.01 39
25.10 31
25.20 33
25.29 31
25.39 31
25.48 32
25.57 32
25.67 33
25.76 41
25.86 71
25.95 63
26.04 144
26.14 101
26.23 95
26.33 113
26.42 140
26.52 95
26.61 66
26.70 58
26.80 52
26.89 57
26.99 63
27.08 85
27.18 98
27.27 101
27.36 83
27.45 55
27.55 112
27.65 112
27.75 119
27.85 131
27.95 142
28.05 75
28.14 61
28.22 58
28.30 64
28.38 77
28.46 86
28.54 70
28.62 82
28.70 88
28.77 92
28.85 97
28.93 85
29.01 86
29.09 91
29.17 74
29.25 87
29.33 111
29.41 144
29.49 157
29.57 153
29.65 153
29.74 135
29.82 125
29.90 113
29.98 108