% Drilling core 1
%  
%   depth [m]     sediment physical properties
%
2.71 27
2.81 39
2.91 37
3.01 40
3.11 40
3.21 37
3.31 39
3.41 27
3.51 20
5.61 29
5.71 32
5.80 27
5.90 20
6.00 21
6.10 21
6.19 24
6.29 32
6.39 31
6.49 49
6.58 46
6.68 57
6.78 92
6.88 94
6.97 146
7.07 144
7.17 128
7.27 120
7.36 156
7.46 121
7.56 162
7.66 131
7.75 162
7.85 151
7.95 54
8.04 36
8.14 50
8.23 76
8.33 116
8.42 166
8.52 126
8.61 109
8.71 146
8.80 107
8.90 140
9.00 135
9.09 102
9.18 98
9.28 175
9.38 105
9.47 151
9.57 50
9.66 43
9.76 42
9.85 45
9.95 53
10.04 65
10.14 78
10.24 53
10.34 54
10.44 61
10.54 45
10.64 45
10.74 65
10.84 91
10.94 93
11.04 52
11.18 96
11.28 208
11.38 138
11.48 105
11.58 77
11.68 49
11.78 30
11.88 33
11.98 25
12.08 24
12.18 75
12.28 262
12.38 57
12.48 45
12.58 231
12.68 340
12.78 391
12.88 227
12.98 106
13.08 121
13.18 203
13.28 150
13.38 161
13.48 115
13.58 107
13.68 30
14.17 34
14.27 30
14.37 103
14.47 116
14.57 107
14.67 173
14.77 134
14.87 89
14.97 89
15.07 82
15.17 94
15.27 103
15.37 57
15.47 113
15.57 68
15.67 161
15.76 147
15.86 67
15.96 86
16.06 90
16.16 175
16.26 146
16.36 138
16.46 160
16.56 99
16.66 153
17.13 104
17.21 103
17.30 104
17.39 98
17.47 88
17.56 86
17.64 89
17.73 80
17.82 94
17.90 91
17.99 129
18.07 152
18.16 110
18.24 118
18.33 125
18.42 115
18.50 120
18.59 131
18.68 137
18.76 152
18.85 159
18.93 123
19.02 124
19.11 132
19.19 137
19.28 149
19.36 155
19.45 244
19.54 336
19.62 164
19.71 161
19.79 125
19.88 104
19.96 52
20.05 38
20.14 54
20.24 64
20.34 41
20.44 42
20.54 58
20.64 67
20.74 41
20.84 77
20.94 50
21.04 42
21.14 40
21.24 39
21.34 36
21.44 44
21.54 42
21.64 39
21.74 35
21.83 36
21.93 30
22.03 45
22.13 49
22.23 23
22.33 28
22.43 43
22.53 70
22.63 42
22.73 44
22.83 87
22.93 92
23.03 61
23.13 48
23.23 190
23.33 190
23.70 140
23.80 167
23.91 351
24.00 233
24.11 154
24.20 129
24.30 53
24.41 59
24.50 65
24.61 52
24.70 57
24.80 39
24.90 42
25.00 41
25.10 33
25.20 28
25.30 25
25.40 27
25.50 28
25.60 39
25.70 63
25.80 98
25.90 108
26.00 81
26.10 95
26.20 86
26.57 72
26.67 50
26.77 39
26.87 40
26.97 52
27.07 62
27.17 87
27.27 85
27.37 97
27.47 101
27.57 96
27.67 92
27.88 70
27.98 90
28.08 97
28.18 94
28.28 92
28.38 88
28.48 95
28.58 104
28.70 96
28.80 96
28.90 105
29.00 105
29.09 92
29.19 93
29.29 99
29.39 79
29.49 88
29.59 166
29.69 144
29.79 62
29.89 148
29.99 107