%
% Cave creek, Kentucky, monthly mean runoffs (inches) from October 1952 to September 1972.
%

2  
5  
19  
240  
86  
416  
147  
354  
31  
18  
7   
1
0  
2   
4   
54  
22   
40  
139   
35   
8   
7  
6  
14  
2  
4  
30  
73  
463  
579   
59  
197  
55  
24  
28  
3
4  
6  
13  
59  
637  
469  
192  
28  
32  
64  
38  
8
7  
10  
172  
308  
325  
103  
392  
68  
24  
6  
5  
2
3  
106  
432  
200  
221  
117  
235  
236  
19  
369  
170  
12
6  
9  
17  
270  
195  
112  
102  
24  
24  
5 
4 
2
3  
36  
269  
219  
313  
291  
68  
19  
364  
138  
14  
30
12  
52  
79  
204  
295  
532  
476  
414  
159  
48  
18  
4
2  
6  
76  
346  
401  
508  
330  
79  
96  
30  
8  
7
39  
141  
124  
150  
146  
548  
52  
25  
14  
29  
11  
3
1  
4  
3  
87  
173  
788  
45  
21  
11  
8  
2  
16
15  
7  
347  
276  
230  
449  
146  
31  
8  
5  
1  
2
4  
2  
2  
48  
281  
79  
202  
332  
25  
14  
41  
11
7  
119  
357  
97  
161  
466  
50  
476  
33  
14  
15  
7
9  
38  
271  
135  
98  
425  
238  
199  
91  
29  
75  
16
14  
22  
112  
278  
216  
73  
237  
74  
40  
27  
66  
17
7  
25  
91  
130  
389  
291  
568  
206  
38  
14  
6  
27
